chr6	53260000	53265000	4
chr6	53265000	53270000	2
chr6	53270000	53275000	3
chr6	53275000	53280000	5
chr6	53280000	53285000	7
chr6	53285000	53290000	0
chr6	53290000	53295000	0
chr6	53295000	53300000	0
chr6	53300000	53305000	0
chr6	53305000	53310000	0
chr6	53310000	53315000	0
chr6	53315000	53320000	0
chr6	53320000	53325000	0
chr6	53325000	53330000	0
chr6	53330000	53335000	0
chr6	53335000	53340000	0
chr6	53340000	53345000	0
chr6	53345000	53350000	0
chr6	53350000	53355000	0
chr6	53355000	53360000	0
chr6	53360000	53365000	0
chr6	53365000	53370000	0
chr6	53370000	53375000	0
chr6	53375000	53380000	0
chr6	53380000	53385000	4
chr6	53385000	53390000	1
chr6	53390000	53395000	2
chr6	53395000	53400000	2
chr6	53400000	53405000	3
chr6	53405000	53410000	0
chr6	53410000	53415000	0
chr6	53415000	53420000	2
chr6	53420000	53425000	2
chr6	53425000	53430000	0
chr6	53430000	53435000	2
chr6	53435000	53440000	1
chr6	53440000	53445000	0
chr6	53445000	53450000	0
chr6	53450000	53455000	0
chr6	53455000	53460000	2
chr6	53460000	53465000	0
chr6	53465000	53470000	2
chr6	53470000	53475000	1
chr6	53475000	53480000	2
chr6	53480000	53485000	2
chr6	53485000	53490000	0
chr6	53490000	53495000	3
chr6	53495000	53500000	0
chr6	53500000	53505000	1
chr6	53505000	53510000	0
chr6	53510000	53515000	1
chr6	53515000	53520000	3
chr6	53520000	53525000	0
chr6	53525000	53530000	3
chr6	53530000	53535000	2
chr6	53535000	53540000	1
chr6	53540000	53545000	4
chr6	53545000	53550000	1
chr6	53550000	53555000	0
chr6	53555000	53560000	0
chr6	53560000	53565000	1
chr6	53565000	53570000	1
chr6	53570000	53575000	3
chr6	53575000	53580000	0
chr6	53580000	53585000	0
chr6	53585000	53590000	2
chr6	53590000	53595000	3
chr6	53595000	53600000	6
chr6	53600000	53605000	3
chr6	53605000	53610000	3
chr6	53610000	53615000	4
chr6	53615000	53620000	1
chr6	53620000	53625000	5
chr6	53625000	53630000	2
chr6	53630000	53635000	0
chr6	53635000	53640000	4
chr6	53640000	53645000	2
chr6	53645000	53650000	1
chr6	53650000	53655000	0
chr6	53655000	53660000	5
chr6	53660000	53665000	1
chr6	53665000	53670000	12
chr6	53670000	53675000	8
chr6	53675000	53680000	17
chr6	53680000	53685000	19
chr6	53685000	53690000	15
chr6	53690000	53695000	12
chr6	53695000	53700000	17
chr6	53700000	53705000	12
chr6	53705000	53710000	19
chr6	53710000	53715000	11
chr6	53715000	53720000	7
chr6	53720000	53725000	13
chr6	53725000	53730000	16
chr6	53730000	53735000	15
chr6	53735000	53740000	14
chr6	53740000	53745000	17
chr6	53745000	53750000	6
chr6	53750000	53755000	16
chr6	53755000	53760000	17
chr6	53760000	53765000	7
chr6	53765000	53770000	15
chr6	53770000	53775000	8
chr6	53775000	53780000	20
chr6	53780000	53785000	26
chr6	53785000	53790000	15
chr6	53790000	53795000	19
chr6	53795000	53800000	5
chr6	53800000	53805000	17
chr6	53805000	53810000	12
chr6	53810000	53815000	13
chr6	53815000	53820000	26
chr6	53820000	53825000	10
chr6	53825000	53830000	15
chr6	53830000	53835000	11
chr6	53835000	53840000	6
chr6	53840000	53845000	3
chr6	53845000	53850000	17
chr6	53850000	53855000	8
chr6	53855000	53860000	6
chr6	53860000	53865000	16
chr6	53865000	53870000	15
chr6	53870000	53875000	22
chr6	53875000	53880000	16
chr6	53880000	53885000	10
chr6	53885000	53890000	17
chr6	53890000	53895000	13
chr6	53895000	53900000	17
chr6	53900000	53905000	15
chr6	53905000	53910000	16
chr6	53910000	53915000	14
chr6	53915000	53920000	14
chr6	53920000	53925000	6
chr6	53925000	53930000	2
chr6	53930000	53935000	12
chr6	53935000	53940000	16
chr6	53940000	53945000	15
chr6	53945000	53950000	14
chr6	53950000	53955000	24
chr6	53955000	53960000	12
chr6	53960000	53965000	9
chr6	53965000	53970000	14
chr6	53970000	53975000	0
chr6	53975000	53980000	8
chr6	53980000	53985000	12
chr6	53985000	53990000	13
chr6	53990000	53995000	16
chr6	53995000	54000000	13
chr6	54000000	54005000	11
chr6	54005000	54010000	31
chr6	54010000	54015000	17
chr6	54015000	54020000	20
chr6	54020000	54025000	10
chr6	54025000	54030000	7
chr6	54030000	54035000	6
chr6	54035000	54040000	4
chr6	54040000	54045000	5
chr6	54045000	54050000	4
chr6	54050000	54055000	9
chr6	54055000	54060000	5
chr6	54060000	54065000	13
chr6	54065000	54070000	3
chr6	54070000	54075000	6
chr6	54075000	54080000	12
chr6	54080000	54085000	5
chr6	54085000	54090000	3
chr6	54090000	54095000	2
chr6	54095000	54100000	9
chr6	54100000	54105000	3
chr6	54105000	54110000	6
chr6	54110000	54115000	0
chr6	54115000	54120000	2
chr6	54120000	54125000	16
chr6	54125000	54130000	4
chr6	54130000	54135000	10
chr6	54135000	54140000	16
chr6	54140000	54145000	7
chr6	54145000	54150000	4
chr6	54150000	54155000	10
chr6	54155000	54160000	8
chr6	54160000	54165000	12
chr6	54165000	54170000	7
chr6	54170000	54175000	5
chr6	54175000	54180000	8
chr6	54180000	54185000	7
chr6	54185000	54190000	11
chr6	54190000	54195000	4
chr6	54195000	54200000	6
chr6	54200000	54205000	9
chr6	54205000	54210000	19
chr6	54210000	54215000	12
chr6	54215000	54220000	13
chr6	54220000	54225000	9
chr6	54225000	54230000	12
chr6	54230000	54235000	15
chr6	54235000	54240000	16
chr6	54240000	54245000	25
chr6	54245000	54250000	21
chr6	54250000	54255000	5
chr6	54255000	54260000	15
chr6	54260000	54265000	11
chr6	54265000	54270000	20
chr6	54270000	54275000	6
chr6	54275000	54280000	17
chr6	54280000	54285000	6
chr6	54285000	54290000	1
chr6	54290000	54295000	7
chr6	54295000	54300000	6
chr6	54300000	54305000	10
chr6	54305000	54310000	4
chr6	54310000	54315000	11
chr6	54315000	54320000	15
chr6	54320000	54325000	15
chr6	54325000	54330000	12
chr6	54330000	54335000	5
chr6	54335000	54340000	14
chr6	54340000	54345000	14
chr6	54345000	54350000	25
chr6	54350000	54355000	18
chr6	54355000	54360000	22
chr6	54360000	54365000	13
chr6	54365000	54370000	13
chr6	54370000	54375000	11
chr6	54375000	54380000	20
chr6	54380000	54385000	6
chr6	54385000	54390000	10
chr6	54390000	54395000	9
chr6	54395000	54400000	10
chr6	54400000	54405000	15
chr6	54405000	54410000	16
chr6	54410000	54415000	12
chr6	54415000	54420000	27
chr6	54420000	54425000	15
chr6	54425000	54430000	13
chr6	54430000	54435000	11
chr6	54435000	54440000	15
chr6	54440000	54445000	21
chr6	54445000	54450000	24
chr6	54450000	54455000	28
chr6	54455000	54460000	23
chr6	54460000	54465000	22
chr6	54465000	54470000	14
chr6	54470000	54475000	24
chr6	54475000	54480000	10
chr6	54480000	54485000	9
chr6	54485000	54489999	15